300 299 1.5692 19 435 2.3592
300 299 1.5692 48 118 -0.0040
300 299 1.5692 115 223 1.5692
300 299 1.5692 117 410 -0.0040
300 299 1.5692 174 586 1.5692
300 299 1.5692 176 75 1.5692
300 299 1.5692 177 368 -0.0040
300 299 1.5692 240 29 -0.7840
300 299 1.5692 292 477 3.1392
300 299 1.5692 526 234 0.7892
300 299 1.5692 327 509 0.7892
300 299 1.5692 354 498 -0.7840
300 299 1.5692 359 97 3.1392
300 299 1.5692 408 181 2.3592
300 299 1.5692 475 459 3.1392
300 299 1.5692 495 82 -1.5740
300 299 1.5692 499 514 0.7892
300 299 1.5692 545 317 -2.3540
300 299 1.5692 567 562 0.7892
300 299 1.5692 570 313 -1.5740
