315 294 1.5692 21 417 -1.5740
315 294 1.5692 27 146 -2.3540
315 294 1.5692 32 239 -2.3540
315 294 1.5692 41 580 -0.0040
315 294 1.5692 42 68 1.5692
315 294 1.5692 54 468 3.1392
315 294 1.5692 93 435 3.1392
315 294 1.5692 121 552 -2.3540
315 294 1.5692 121 45 3.1392
315 294 1.5692 166 22 -0.7840
315 294 1.5692 191 82 0.7892
315 294 1.5692 195 516 -2.3540
315 294 1.5692 246 402 0.7892
315 294 1.5692 271 491 2.3592
315 294 1.5692 357 243 3.1392
315 294 1.5692 432 297 3.1392
315 294 1.5692 464 584 0.7892
315 294 1.5692 502 49 -1.5740
315 294 1.5692 553 377 -0.0040
315 294 1.5692 587 223 -1.5740
