300 299 1.5692 32 310 2.3592
300 299 1.5692 51 514 -0.0040
300 299 1.5692 93 412 -1.5740
300 299 1.5692 51 214 3.1392
300 299 1.5692 172 110 2.3592
300 299 1.5692 175 385 -0.7840
300 299 1.5692 213 33 -0.7840
300 299 1.5692 222 569 2.3592
300 299 1.5692 226 450 -1.5740
300 299 1.5692 231 37 -1.5740
300 299 1.5692 232 464 2.3592
300 299 1.5692 349 417 -1.5740
300 299 1.5692 364 325 1.5692
300 299 1.5692 381 471 -1.5740
300 299 1.5692 431 396 3.1392
300 299 1.5692 449 195 -0.7840
300 299 1.5692 451 506 -0.0040
300 299 1.5692 453 40 1.5692
300 299 1.5692 463 566 3.1392
300 299 1.5692 483 428 -0.0040
